398359405.000000
400001198.000000
398156019.000000
399901742.000000
399374187.000000
399379778.000000
401425861.000000
400703443.000000
400349312.000000
399570624.000000
398035861.000000
399683987.000000
400327473.000000
398500868.000000
399284556.000000
399659687.000000
400197986.000000
397325811.000000
399137226.000000
400701416.000000
399791103.000000
400300033.000000
401305468.000000
399373163.000000
399463348.000000
400837413.000000
399199701.000000
399837585.000000
400418032.000000
400120816.000000
